00000000000000000000000000000000000000000000000000
00000000000000000000000000000000000000000000000000
00110001000110000110000110001100000000000000000000
00110010100101001001001001001001000000000000000000
00000001000010000110000101000011000000000000000000
00000000000000000000000010000000000000000000000000
00000000000000000000000000000000000000000000000000
00000000000000000000000000000000000000000000000000
00000000000000000000000000000000000000000000000000
00000000000000000000000000000000000000000000000000
00000000000100000000000000000000000000000000000000
00000000001100000000000000000000000000000000000000
00000000010110000000000100100000000000000000000000
00010000111001000000000100100000000000000000000000
00010000001010100000011011011000110001001000110000
00010000000101010000000100100000111110000111110000
00000000000010011100000100100000110001001000110000
00000000000001101000011011011000000000000000000000
00000000000000110000000100100000000000000000000000
00000000000000100000000100100000000000000000000000
00000000000000000000000000000000000000000000000000
00000000000000000000000000000000000000000000000000
00110000110000000000011000000000000000000000000000
00101001010000000000011000000000000000000000000000
00001111000000000000000000000000000000000000000000
00101001010000000001111000000000000000000000000000
00110000110000011010000100000000000000000000000000
00000000000000011010010100000000000000000000000000
00000000000000000010001101100000000000000000000000
00000000000000000010100101100000000000000000000000
00000000000000000001111000000000000000000000000000
00000000000000000000000000000000000000000000000000
00000000000000000001100000000000000000000000000000
00000000000000000001100000000000000000000000000000
00000000000000000000000000000000000000000000000000
00000000000000000000000000000000000000000000000000
00000000000000000000000000000000000000000000000000
00000000000000000000000000000000000000000000000000
00000000000000000000000000000000000000000000000000
00000000000000000000000000000000000000000000000000
00000000000000000000000000000000000000000000000000
00000000000000000000000000000000000000000000000000
00000000000000000000000000000000000000000000000000
00000000000000000000000000000000000000000000000000
00000000000000000000000000000000000000000000000000
00000000000000000000000000000000000000000000000000
00000000000000000000000000000000000000000000000000
00000000000000000000000000000000000000000000000000
00000000000000000000000000000000000000000000000000
00000000000000000000000000000000000000000000000000